271353
121596
122868
109350
121476
123177
112890
121963
1762218
121598
121739
121653
1605869
122544
121507
121753
122547
122905
320002
15683
1716621
116693
122881
1040761
1873453
122876
121692
121710
122018
121480
121418
2403531
121693
122767
1195353
121529
15682
2048187
122782
121515
122760
1266772
122772
122016
121433
116919
121769
1209500
122821
121450
121581
122017
122866
602466
114816
121300
121387
122776
1209618
22211
121408
122783
122797
489161
975158
121373
121376
121500
121699
122762
125486
829342
904218
53875
121481
121588
1669929
1870601
122014
118279
121439
121451
121595
122009
122785
122846
122024
123859
945377
1091433
121423
1499073
1890549
1652453
20057
22216
121289
121316
121537
121704
122518
122522
122756
122871
124414
1876745
2046363
121992
991862
121390
121952
121321
121388
121416
121448
121449
121533
121584
124484
266360
1140332
1755285
122848
12294
687962
121407
122748
122863
124468
193548
1875985
121998
942376
1533541
1600515
994753
22215
110763
121377
121445
121487
122770
183277
590646
1209498
1271637
1342899
122013
121419
121703
2009822
112872
121490
121524
121706
122025
122028
122747
122780
122891
391724
1216961
1347942
1626813
1642955
1998120
994742
2119208
2319215
64674
121305
121315
121409
121420
121468
122534
122538
122774
125815
1440752
1576501
122002
843997
122049
15685
20056
68549
121936
121945
121947
122050
122526
122746
122787
194542
490361
935128
1846620
828093
2177437
121454
121512
122517
121313
121432
121519
194116
288503
1425837
1722375
22214
183283
1467858
1619850
112873
121298
121379
121385
121422
121427
121509
121638
121696
122768
122880
125327
132934
160850
193774
195255
218018
427804
1187823
1795602
2256824
122047
122554
290952
122004
1781994
1123665
121486
1900727
64707
121324
121442
121494
121506
121705
121931
122029
122779
193666
789635
1131486
1513794
1850279
1232831
1064610
1780872
122778
121934
727599
121293
121325
121371
121425
121493
121499
121942
121987
122008
122759
122786
122789
122928
194020
1050626
1092213
1716220
122552
2026898
1791006
1083241
121318
121412
890935
2413555
2076951
121304
121320
121399
121402
121473
121939
121944
121960
122011
122021
122869
194124
326228
492895
822225
1165802
1238775
1431025
1637931
1707142
1711518
1796644
1864382
1892016
2052094
2053775
1049085
122870
121513
1935977
1999371
1962214
59238
121394
121597
121941
122048
122553
122784
122874
123265
193657
433173
491077
558203
1123658
1180960
1324706
1399107
1638394
1732371
1749941
1755436
1783152
1873452
1999560
2231735
1384863
20055
121286
121331
121414
121421
121443
121474
121522
121656
121702
121957
122041
122042
122536
133149
178166
192266
289102
326227
348414
581996
626048
755468
899111
916364
969579
1044568
1220892
1248929
1324228
1353354
1435054
1549018
1562311
1566488
1619451
1648088
1711081
1772586
1851866
1875627
2022113
2096497
1875767
2255852
195079
2355707
22212
121274
121334
121347
121429
121504
121582
121707
121932
121948
121950
121983
122034
122039
122043
122531
122543
122548
504186
547648
792025
798812
807069
886112
932381
988440
1456596
1487646
1496639
1543635
1771748
1848013
1851137
1873951
1888584
1937171
1952313
2018205
2089219
2127489
2226875
2382054
856588
1389598
1544365
110762
121285
121415
121485
121885
121920
121977
122038
122533
122556
122557
122764
122831
122930
123041
194834
497831
549244
578668
675938
885927
974488
978776
1026728
1094016
1193186
1213068
1357931
1674613
1792913
1818608
1987132
2054095
2106448
2215368
2235020
1982463
2427571
122931
1878643
751406
1535052
2033078
121434
121441
121528
121535
121708
121949
121964
122844
123040
280260
557203
723639
728410
772535
886363
886848
992278
1024060
1037417
1069430
1234446
1280927
1361770
1427630
1449855
1485135
1593792
1711137
1739423
1762298
1772813
1783637
1862384
1905353
1924472
1959358
1993204
2050025
2063096
2108484
2193754
2182817
2121792
121968
121292
121308
121369
121370
121380
121430
121940
121985
122572
122817
122914
193702
195109
379844
504543
616477
630773
693966
985058
1173272
1189338
1222070
1346528
1349400
1362407
1362798
1412010
1424981
1494343
1519091
1646425
1747687
1763123
1778713
1825727
1860954
1985688
2003833
2052429
2101701
2182816
2184430
2184532
2209560
2429075
2424740
2104593
2416563
2452219
121271
121359
121712
122529
547013
560887
594887
627189
693962
801145
821330
829544
850275
892315
892573
895577
946588
956858
975674
1029354
1111899
1173726
1193192
1194475
1209503
1265498
1345490
1353969
1353976
1629439
1639195
1670726
1676006
1717089
1751973
1778831
1784178
1871320
1941072
1970927
1978363
1997447
2017505
2044842
2077108
2082111
2099764
2183392
2218707
2224494
2250021
2348074
2363258
2369081
2428136
2172708
1155705
2322083
2333961
121273
121287
121365
121489
121608
122901
448669
725710
885716
1091466
1127461
1259033
1265362
1315008
1496733
1520129
1520134
1545625
1579789
1618369
1644815
1665744
1708861
1711331
1720817
1723921
1793253
1850876
1862727
1870602
1872916
1964657
1974827
1993158
2061735
2080246
2084445
2110789
2120436
2121376
2176584
2209257
2242017
2285882
2289171
2307510
2323976
2339008
2340171
2355137
2382059
2438671
2377637
2340789
2452739
121358
121904
121910
194087
650727
693964
785064
923011
978771
982020
1022255
1026681
1031588
1038977
1125328
1155031
1201562
1235124
1235859
1272980
1285201
1324226
1324227
1453203
1454554
1471057
1513869
1559286
1579086
1604521
1634748
1636626
1654301
1660071
1747340
1771401
1793245
1823162
1827661
1830455
1871142
1902659
1939914
1940289
1951021
1964669
1988769
2006835
2017501
2082125
2092186
2097798
2104428
2127633
2135216
2148497
2181936
2184038
2206957
2233781
2238338
2253310
2257781
2299938
2307520
2308546
2328606
2360762
2366227
2399164
2404091
2407340
2408200
2434239
2475403
2402785
2425209
2478702
2098759
2495156
2302342
1529818
1510297
2463664
2446044
2362384
121636
121671
121913
121946
122896
122918
123051
886113
1012882
1097728
1250556
1276307
1309462
1390542
1435049
1475010
1482033
1543099
1556818
1562587
1563527
1580895
1585198
1615287
1637851
1640347
1641507
1645098
1652448
1667965
1671515
1679141
1699953
1713729
1715693
1723925
1731896
1744828
1783673
1788204
1791915
1821583
1826606
1858462
1859392
1864532
1873454
1914223
1959134
1975896
1978611
2003004
2005308
2009820
2014703
2014704
2033979
2052364
2053333
2064876
2077385
2091070
2096489
2097706
2101695
2101697
2102584
2130509
2139036
2144690
2146327
2157841
2167761
2167763
2167765
2210139
2215909
2222591
2228762
2237755
2248594
2249855
2259513
2267745
2273604
2275252
2275257
2292305
2302338
2305022
2325388
2347507
2347700
2349132
2354218
2356269
2384691
2406673
2408188
2417553
2419810
2420540
2431485
2433970
2449572
2450502
2451878
2454994
2456100
2457708
2458428
2458854
2465063
2473326
2477239
2483616
2489295
2487876
2343354
2500069
2503177
2421677
2512611
2512614
2422322
2428567
2153067
2524725
2471716
2526408
2533486
2533790
121633
123038
123072
224863
1029338
1087819
1277862
1545624
1615288
1619851
1671508
1672177
1687704
1757074
1783703
1790765
1794600
1809904
1818065
1852345
1887898
1913527
1930987
1941158
1952206
1989832
2025806
2036321
2040709
2047419
2047420
2057185
2083577
2089216
2108721
2110296
2135473
2140915
2145814
2166986
2167827
2168178
2186911
2191508
2204055
2234474
2242996
2246081
2260975
2262023
2262580
2263367
2286499
2330207
2347086
2349141
2352412
2354345
2356272
2359165
2359438
2371806
2377401
2383393
2395352
2396540
2401426
2414190
2414981
2415074
2416072
2420046
2427491
2427501
2428568
2440173
2451101
2459847
2461127
2461139
2464143
2475206
2480681
2494008
2494566
2497450
2499949
2508674
2510293
2510393
2511470
2514369
2514438
2514724
2514742
2514842
2517108
2518119
1934616
1905290
2531985
2532142
2534451